310

2

1 96
0
1
2
3
4
5
6
7
8
9
10
11
12
13
14
15
16
17
18
19
20
21
22
23
24
25
26
27
28
29
30
31
32
33
34
35
36
37
38
39
40
41
42
43
44
45
46
47
48
49
50
51
52
53
54
55
56
57
58
59
60
61
62
63
64
65
66
67
68
69
70
71
72
73
74
75
76
77
78
79
80
81
82
83
84
85
86
87
88
89
90
91
92
93
94
95

2 96
96
97
98
99
100
101
102
103
104
105
106
107
108
109
110
111
112
113
114
115
116
117
118
119
120
121
122
123
124
125
126
127
128
129
130
131
132
133
134
135
136
137
138
139
140
141
142
143
144
145
146
147
148
149
150
151
152
153
154
155
156
157
158
159
160
161
162
163
164
165
166
167
168
169
170
171
172
173
174
175
176
177
178
179
180
181
182
183
184
185
186
187
188
189
190
191

32

470
471
472
473
474
475
476
477
478
479
480
481
482
483
484
485
486
487
488
489
490
491
492
493
494
495
496
497
498
499
500
501

2 1 7 103 192 0110
2 1 6 102 193 0110
2 1 192 193 194 0111
2 1 5 101 195 0110
2 1 4 100 196 0110
2 1 195 196 197 0111
2 1 194 197 198 0111
2 1 3 99 199 0110
2 1 2 98 200 0110
2 1 199 200 201 0111
2 1 1 97 202 0110
2 1 0 96 203 0110
2 1 202 203 204 0111
2 1 201 204 205 0111
2 1 198 205 206 0111
2 1 15 111 207 0110
2 1 14 110 208 0110
2 1 207 208 209 0111
2 1 13 109 210 0110
2 1 12 108 211 0110
2 1 210 211 212 0111
2 1 209 212 213 0111
2 1 11 107 214 0110
2 1 10 106 215 0110
2 1 214 215 216 0111
2 1 9 105 217 0110
2 1 8 104 218 0110
2 1 217 218 219 0111
2 1 216 219 220 0111
2 1 213 220 221 0111
2 1 206 221 222 0110
2 1 23 119 223 0110
2 1 22 118 224 0110
2 1 223 224 225 0111
2 1 21 117 226 0110
2 1 20 116 227 0110
2 1 226 227 228 0111
2 1 225 228 229 0111
2 1 19 115 230 0110
2 1 18 114 231 0110
2 1 230 231 232 0111
2 1 17 113 233 0110
2 1 16 112 234 0110
2 1 233 234 235 0111
2 1 232 235 236 0111
2 1 229 236 237 0111
2 1 222 237 238 0110
2 1 31 127 239 0110
2 1 30 126 240 0110
2 1 239 240 241 0111
2 1 29 125 242 0110
2 1 28 124 243 0110
2 1 242 243 244 0111
2 1 241 244 245 0111
2 1 27 123 246 0110
2 1 26 122 247 0110
2 1 246 247 248 0111
2 1 25 121 249 0110
2 1 24 120 250 0110
2 1 249 250 251 0111
2 1 248 251 252 0111
2 1 245 252 253 0111
2 1 238 253 254 0110
2 1 39 135 255 0110
2 1 38 134 256 0110
2 1 255 256 257 0111
2 1 37 133 258 0110
2 1 36 132 259 0110
2 1 258 259 260 0111
2 1 257 260 261 0111
2 1 35 131 262 0110
2 1 34 130 263 0110
2 1 262 263 264 0111
2 1 33 129 265 0110
2 1 32 128 266 0110
2 1 265 266 267 0111
2 1 264 267 268 0111
2 1 261 268 269 0111
2 1 254 269 270 0110
2 1 47 143 271 0110
2 1 46 142 272 0110
2 1 271 272 273 0111
2 1 45 141 274 0110
2 1 44 140 275 0110
2 1 274 275 276 0111
2 1 273 276 277 0111
2 1 43 139 278 0110
2 1 42 138 279 0110
2 1 278 279 280 0111
2 1 41 137 281 0110
2 1 40 136 282 0110
2 1 281 282 283 0111
2 1 280 283 284 0111
2 1 277 284 285 0111
2 1 270 285 286 0110
2 1 55 151 287 0110
2 1 54 150 288 0110
2 1 287 288 289 0111
2 1 53 149 290 0110
2 1 52 148 291 0110
2 1 290 291 292 0111
2 1 289 292 293 0111
2 1 51 147 294 0110
2 1 50 146 295 0110
2 1 294 295 296 0111
2 1 49 145 297 0110
2 1 48 144 298 0110
2 1 297 298 299 0111
2 1 296 299 300 0111
2 1 293 300 301 0111
2 1 286 301 302 0110
2 1 63 159 303 0110
2 1 62 158 304 0110
2 1 303 304 305 0111
2 1 61 157 306 0110
2 1 60 156 307 0110
2 1 306 307 308 0111
2 1 305 308 309 0111
2 1 59 155 310 0110
2 1 58 154 311 0110
2 1 310 311 312 0111
2 1 57 153 313 0110
2 1 56 152 314 0110
2 1 313 314 315 0111
2 1 312 315 316 0111
2 1 309 316 317 0111
2 1 302 317 318 0110
2 1 71 167 319 0110
2 1 70 166 320 0110
2 1 319 320 321 0111
2 1 69 165 322 0110
2 1 68 164 323 0110
2 1 322 323 324 0111
2 1 321 324 325 0111
2 1 67 163 326 0110
2 1 66 162 327 0110
2 1 326 327 328 0111
2 1 65 161 329 0110
2 1 64 160 330 0110
2 1 329 330 331 0111
2 1 328 331 332 0111
2 1 325 332 333 0111
2 1 318 333 334 0110
2 1 79 175 335 0110
2 1 78 174 336 0110
2 1 335 336 337 0111
2 1 77 173 338 0110
2 1 76 172 339 0110
2 1 338 339 340 0111
2 1 337 340 341 0111
2 1 75 171 342 0110
2 1 74 170 343 0110
2 1 342 343 344 0111
2 1 73 169 345 0110
2 1 72 168 346 0110
2 1 345 346 347 0111
2 1 344 347 348 0111
2 1 341 348 349 0111
2 1 334 349 350 0110
2 1 87 183 351 0110
2 1 86 182 352 0110
2 1 351 352 353 0111
2 1 85 181 354 0110
2 1 84 180 355 0110
2 1 354 355 356 0111
2 1 353 356 357 0111
2 1 83 179 358 0110
2 1 82 178 359 0110
2 1 358 359 360 0111
2 1 81 177 361 0110
2 1 80 176 362 0110
2 1 361 362 363 0111
2 1 360 363 364 0111
2 1 357 364 365 0111
2 1 350 365 366 0110
2 1 95 191 367 0110
2 1 94 190 368 0110
2 1 367 368 369 0111
2 1 93 189 370 0110
2 1 92 188 371 0110
2 1 370 371 372 0111
2 1 369 372 373 0111
2 1 91 187 374 0110
2 1 90 186 375 0110
2 1 374 375 376 0111
2 1 89 185 377 0110
2 1 88 184 378 0110
2 1 377 378 379 0111
2 1 376 379 380 0111
2 1 373 380 381 0111
2 1 366 381 470 0110
2 1 206 221 382 0001
2 1 222 237 383 0001
2 1 382 383 384 0110
2 1 238 253 385 0001
2 1 384 385 386 0110
2 1 254 269 387 0001
2 1 386 387 388 0110
2 1 270 285 389 0001
2 1 388 389 390 0110
2 1 286 301 391 0001
2 1 390 391 392 0110
2 1 302 317 393 0001
2 1 392 393 394 0110
2 1 318 333 395 0001
2 1 394 395 396 0110
2 1 334 349 397 0001
2 1 396 397 398 0110
2 1 350 365 399 0001
2 1 398 399 400 0110
2 1 366 381 401 0001
2 1 400 401 471 0110
2 1 238 384 402 0110
1 1 402 403 10
2 1 238 403 404 0001
2 1 253 404 405 0001
2 1 254 386 406 0110
1 1 406 407 10
2 1 254 407 408 0001
2 1 269 408 409 0001
2 1 405 409 410 0110
2 1 270 388 411 0110
1 1 411 412 10
2 1 270 412 413 0001
2 1 285 413 414 0001
2 1 410 414 415 0110
2 1 286 390 416 0110
1 1 416 417 10
2 1 286 417 418 0001
2 1 301 418 419 0001
2 1 415 419 420 0110
2 1 302 392 421 0110
1 1 421 422 10
2 1 302 422 423 0001
2 1 317 423 424 0001
2 1 420 424 425 0110
2 1 318 394 426 0110
1 1 426 427 10
2 1 318 427 428 0001
2 1 333 428 429 0001
2 1 425 429 430 0110
2 1 334 396 431 0110
1 1 431 432 10
2 1 334 432 433 0001
2 1 349 433 434 0001
2 1 430 434 435 0110
2 1 350 398 436 0110
1 1 436 437 10
2 1 350 437 438 0001
2 1 365 438 439 0001
2 1 435 439 440 0110
2 1 366 400 441 0110
1 1 441 442 10
2 1 366 442 443 0001
2 1 381 443 444 0001
2 1 440 444 472 0110
2 1 420 423 445 0110
1 1 445 446 10
2 1 446 423 447 0001
2 1 317 447 448 0001
2 1 425 428 449 0110
1 1 449 450 10
2 1 450 428 451 0001
2 1 333 451 452 0001
2 1 448 452 453 0110
2 1 430 433 454 0110
1 1 454 455 10
2 1 455 433 456 0001
2 1 349 456 457 0001
2 1 453 457 458 0110
2 1 435 438 459 0110
1 1 459 460 10
2 1 460 438 461 0001
2 1 365 461 462 0001
2 1 458 462 463 0110
2 1 440 443 464 0110
1 1 464 465 10
2 1 465 443 466 0001
2 1 381 466 467 0001
2 1 463 467 473 0110
2 1 0 0 469 0110
1 1 469 468 10
1 1 468 474 10
1 1 468 475 10
1 1 468 476 10
1 1 468 477 10
1 1 468 478 10
1 1 468 479 10
1 1 468 480 10
1 1 468 481 10
1 1 468 482 10
1 1 468 483 10
1 1 468 484 10
1 1 468 485 10
1 1 468 486 10
1 1 468 487 10
1 1 468 488 10
1 1 468 489 10
1 1 468 490 10
1 1 468 491 10
1 1 468 492 10
1 1 468 493 10
1 1 468 494 10
1 1 468 495 10
1 1 468 496 10
1 1 468 497 10
1 1 468 498 10
1 1 468 499 10
1 1 468 500 10
1 1 468 501 10
