162

2

1 32
0
1
2
3
4
5
6
7
8
9
10
11
12
13
14
15
16
17
18
19
20
21
22
23
24
25
26
27
28
29
30
31

2 32
32
33
34
35
36
37
38
39
40
41
42
43
44
45
46
47
48
49
50
51
52
53
54
55
56
57
58
59
60
61
62
63

32

194
195
196
197
198
199
200
201
202
203
204
205
206
207
208
209
210
211
212
213
214
215
216
217
218
219
220
221
222
223
224
225

2 1 31 63 64 0110
2 1 30 62 65 0110
2 1 64 65 66 0111
2 1 29 61 67 0110
2 1 28 60 68 0110
2 1 67 68 69 0111
2 1 66 69 70 0110
2 1 27 59 71 0110
2 1 26 58 72 0110
2 1 71 72 73 0111
2 1 25 57 74 0110
2 1 24 56 75 0110
2 1 74 75 76 0111
2 1 73 76 77 0110
2 1 70 77 78 0110
2 1 23 55 79 0110
2 1 22 54 80 0110
2 1 79 80 81 0111
2 1 21 53 82 0110
2 1 20 52 83 0110
2 1 82 83 84 0111
2 1 81 84 85 0110
2 1 19 51 86 0110
2 1 18 50 87 0110
2 1 86 87 88 0111
2 1 17 49 89 0110
2 1 16 48 90 0110
2 1 89 90 91 0111
2 1 88 91 92 0110
2 1 85 92 93 0110
2 1 78 93 94 0110
2 1 15 47 95 0110
2 1 14 46 96 0110
2 1 95 96 97 0111
2 1 13 45 98 0110
2 1 12 44 99 0110
2 1 98 99 100 0111
2 1 97 100 101 0110
2 1 11 43 102 0110
2 1 10 42 103 0110
2 1 102 103 104 0111
2 1 9 41 105 0110
2 1 8 40 106 0110
2 1 105 106 107 0111
2 1 104 107 108 0110
2 1 101 108 109 0110
2 1 7 39 110 0110
2 1 6 38 111 0110
2 1 110 111 112 0111
2 1 5 37 113 0110
2 1 4 36 114 0110
2 1 113 114 115 0111
2 1 112 115 116 0110
2 1 3 35 117 0110
2 1 2 34 118 0110
2 1 117 118 119 0111
2 1 1 33 120 0110
2 1 0 32 121 0110
2 1 120 121 122 0111
2 1 119 122 123 0110
2 1 116 123 124 0110
2 1 109 124 125 0110
2 1 94 125 194 0110
2 1 66 69 126 0001
2 1 73 76 127 0001
2 1 70 77 128 0001
2 1 127 128 129 0110
2 1 126 129 130 0110
2 1 81 84 131 0001
2 1 88 91 132 0001
2 1 85 92 133 0001
2 1 132 133 134 0110
2 1 131 134 135 0110
2 1 78 93 136 0001
2 1 135 136 137 0110
2 1 130 137 138 0110
2 1 97 100 139 0001
2 1 104 107 140 0001
2 1 101 108 141 0001
2 1 140 141 142 0110
2 1 139 142 143 0110
2 1 112 115 144 0001
2 1 119 122 145 0001
2 1 116 123 146 0001
2 1 145 146 147 0110
2 1 144 147 148 0110
2 1 109 124 149 0001
2 1 148 149 150 0110
2 1 143 150 151 0110
2 1 94 125 152 0001
2 1 151 152 153 0110
2 1 138 153 195 0110
2 1 126 128 154 0110
2 1 129 154 155 0001
2 1 128 155 156 0110
2 1 131 133 157 0110
2 1 134 157 158 0001
2 1 133 158 159 0110
2 1 130 136 160 0110
2 1 137 160 161 0001
2 1 136 161 162 0110
2 1 159 162 163 0110
2 1 156 163 164 0110
2 1 139 141 165 0110
2 1 142 165 166 0001
2 1 141 166 167 0110
2 1 144 146 168 0110
2 1 147 168 169 0001
2 1 146 169 170 0110
2 1 143 149 171 0110
2 1 150 171 172 0001
2 1 149 172 173 0110
2 1 170 173 174 0110
2 1 167 174 175 0110
2 1 138 152 176 0110
2 1 153 176 177 0001
2 1 152 177 178 0110
2 1 175 178 179 0110
2 1 164 179 196 0110
2 1 156 162 180 0110
2 1 163 180 181 0001
2 1 162 181 182 0110
2 1 167 173 183 0110
2 1 174 183 184 0001
2 1 173 184 185 0110
2 1 164 178 186 0110
2 1 179 186 187 0001
2 1 178 187 188 0110
2 1 185 188 189 0110
2 1 182 189 197 0110
2 1 182 188 190 0110
2 1 189 190 191 0001
2 1 188 191 198 0110
2 1 0 0 193 0110
1 1 193 192 10
1 1 192 199 10
1 1 192 200 10
1 1 192 201 10
1 1 192 202 10
1 1 192 203 10
1 1 192 204 10
1 1 192 205 10
1 1 192 206 10
1 1 192 207 10
1 1 192 208 10
1 1 192 209 10
1 1 192 210 10
1 1 192 211 10
1 1 192 212 10
1 1 192 213 10
1 1 192 214 10
1 1 192 215 10
1 1 192 216 10
1 1 192 217 10
1 1 192 218 10
1 1 192 219 10
1 1 192 220 10
1 1 192 221 10
1 1 192 222 10
1 1 192 223 10
1 1 192 224 10
1 1 192 225 10
